76857
47767
87690
53318
48953
59350
60696
59825
3864
54404
86736
28695
38179
63889
71006
84412
45076
30796
69882
7992
90295
56387
84450
47053
80590
49736
30976
22627
44381
83657
37554
31454
19649
4669
62028
6425
51059
89568
92425
51095
22999
17922
74665
24083
13271
85023
525
95468
7469
41616
18342
13524
85119
51965
31188
86284
23824
68597
11055
32347
74367
74848
23727
53057
59864
40904
11040
18444
79704
6735
30879
87370
70657
32274
52468
62193
40460
31755
54539
62630
38013
58948
66868
12157
54856
21478
67085
90952
10214
68814
6531
63819
11424
71171
68866
37496
66731
16638
66469
25184
43428
9050
55638
70840
68818
31840
88569
90677
9215
6810
64297
80215
717
36333
16798
28476
13407
75574
14527
71781
93348
88024
88277
80176
45898
71888
14260
37818
18640
69818
98382
26857
69826
50939
90545
48848
97952
82930
26294
49104
93647
16300
59757
15542
29926
86607
67621
30368
61560
69320
88070
45289
96794
40111
65381
99063
25325
57203
14752
83542
54998
51451
82244
36945
65253
25428
48665
71764
49488
39789
38518
51031
86438
75965
66862
75801
53925
73717
8434
83821
82218
37930
54794
39671
55318
92371
95113
84815
70417
71781
60054
35436
19989
5688
36928
52451
58248
13248
91717
53070
67800
24657
19912
35929
82765
67295
6340
66935
83722
99159
31962
87576
95042
1892
69556
77278
19390
93454
86383
46011
72870
56268
96460
72878
27467
14038
24315
4603
94742
78976
44419
96521
55476
82552
57727
69424
38545
34509
59171
21953
96140
62458
62182
3344
27557
17323
29584
79631
39647
52355
15470
32260
45637
69396
83804
39283
92453
41081
27685
40569
69936
3317
97534
72363
96174
64639
19810
30484
58214
3256
21531
73798
10630
82969
82511
64611
40259
9705
5522
56332
83324
84577
40711
64714
22281
79018
42523
88084
85124
14357
57659
59910
17281
17242
62747
77171
88553
308
28312
15094
74984
61934
9864
6118
5068
82633
7271
13102
32943
78195
4584
46846
56756
16963
80160
75980
53187
24933
43492
61864
8423
34508
13560
59969
32330
30546
97059
77223
95627
41740
27915
65224
63105
10930
53645
39840
44316
91295
74502
78926
12944
58884
21046
57013
59978
25344
80564
40245
27443
53880
46747
59653
53834
66847
35370
63676
61194
9349
93378
87886
58149
59724
1974
22249
25316
24773
23459
78934
79151
37327
84401
17899
49455
78363
17578
31458
19519
82433
8416
49056
21860
10004
17525
58473
37916
9163
91216
69383
84199
15501
5105
82374
9618
64591
86450
18354
29666
73032
8029
22737
98782
50405
62115
22140
10777
62455
95503
56308
76362
25883
78535
59287
48996
64649
4197
3308
72514
76154
73661
39014
14624
63539
60458
17356
98218
32222
48716
2517
16266
68296
66224
14776
68359
15183
31312
84864
43207
50904
82912
99890
13364
49726
31775
55764
25494
65702
46911
97146
25671
25791
30515
85903
71178
8968
80938
93198
62382
52559
34448
69715
20058
43196
82843
61311
90209
59150
46392
47823
51002
82768
36193
68300
30577
49264
38257
91609
22387
95709
11081
99040
99590
98344
94923
60802
21560
53283
86795
82821
82181
1470
21540
99736
81620
72749
15085
69698
48828
98823
5082
87528
46823
6630
42427
26371
17955
12339
68938
8514
32762
81387
33712
63844
57924
6784
26740
75832
91030
55922
21066
67
67987
24798
30105
62465
58945
70158
2742
94780
78144
7188
18730
75283
59297
89916
71470
98959
79291
47091
77723
55630
26566
30645
82204
49795
78238
82007
36828
31282
75001
98868
3630
47539
43005
96899
25154
61476
96120
23619
46193
82025
32396
37015
88903
33017
15766
10683
61484
86312
3964
83639
95033
77414
57747
1795
59927
38215
92684
16159
52494
809
65373
24674
29138
908
71570
68123
48199
36136
25000
70147
72258
6910
12755
91235
46721
89390
94580
57217
53260
199
48860
37298
61233
8648
9562
9940
69224
82196
85151
77895
31356
45043
88757
52980
38574
47649
93705
91472
25391
81132
40644
87085
30420
57106
53631
30750
27766
62487
26696
34317
67504
86232
49135
53463
82055
31926
7659
6499
36848
38025
41932
67360
13395
70863
51862
87212
31758
41110
64669
83142
77568
17740
49633
42893
6369
80455
85926
59572
55181
10309
75622
79474
79105
1241
71140
98046
64036
46345
64499
41019
87240
40995
70231
60226
22908
96879
11428
63635
78718
72537
3848
35761
1124
86367
7688
77231
68930
75956
76924
31729
86318
81455
27768
54019
6189
32940
27289
24356
22832
66325
21749
94496
17985
84692
80013
82451
14642
51054
20768
93178
35111
11032
48710
6475
34576
15247
65857
78563
7158
24827
63269
13826
37123
35978
88608
39472
36047
48978
30592
15419
12032
4747
87674
64768
59022
24382
55633
39096
41927
62420
23269
81213
86095
31558
64995
72607
5703
27493
68437
74637
67346
12824
47019
89779
72927
50570
50719
23131
67339
2301
21162
57378
48356
20761
98434
66073
43674
44089
72449
68744
97652
32068
76625
20877
98103
15200
29852
6846
98153
94559
69244
71574
14834
50347
56794
10614
60908
58434
42879
84495
81159
83000
63426
4855
2845
69955
98454
26158
79350
66305
53674
95565
93172
18500
19692
78877
72513
77743
27443
59977
76685
71421
62228
75808
21920
16410
41658
88086
20653
17312
69019
66251
27458
68189
95197
32774
77455
49266
2416
37354
57425
6057
98643
51295
76411
59796
16568
76298
34781
41148
54658
37279
64696
47186
54152
78426
37124
72547
96012
35767
76075
21141
36829
7156
28104
55541
16587
59863
10913
58567
49006
12329
97392
56397
9279
52527
69892
33599
19052
58622
58468
35619
31329
62716
23554
30456
89149
64994
86523
63809
15942
71220
30582
23659
43437
86727
72148
33464
57922
80869
42864
2744
65201
66506
76270
78537
42822
72336
68860
82016
64383
66308
72897
85016
79151
5213
12975
53792
87217
44341
83615
34043
55763
19111
96835
77416
75188
52917
3107
27240
29666
34214
19269
34616
89499
94065
94068
61066
98228
60308
92799
72681
87520
43010
19129
92415
30055
40152
47784
7360
848
25584
46770
64002
21951
93446
17009
99121
48217
14087
20966
42200
40330
46369
88165
85351
3220
84290
40546
57289
59460
89683
59815
27078
17793
58142
81545
7236
73473
70059
66145
2254
2713
9388
57726
31676
55381
83941
22759
78203
46914
36310
92268
98372
21118
20340
90582
40751
45072
13561
39427
78266
13764
96684
59107
76118
15700
25902
1485
16663
42201
83028
82590
94333
25329
80293
65637
90383
35555
77106
19812
3243
1317
27502
23419
27470
46817
6269
23825
38247
88232
94374
96121
38253
77483
20297
51448
24260
95186
2021
74772
8056
84058
14525
72397
92221
57047
55110
85206
30381
48443
2173
83063
22528
31839
22551
93497
39936
9019
93896
87111
11102
56938
94411
9601
92330
78555
65014
43900
35348
89295
54494
89568
16832
72004
4738
94456
77666
13328
97088
96706
43879
56174
70825
45098
49210
3295
32883
1421
23974
17282
93116
12211
95480
59384
75463
82655
69817
57571
2276
83455
11805
60337
42915
44113
37942
35202
28964
71102
20571
4094
77313
18478
7880
71649
7082
13640
86092
90773
12184
50508
29870
64294
88305
66864
30165
81077
8839
59776
72808
45712
93424
69542
45181
69850
3679
79254
97861
33890
88209
20314
85221
39764
59774
2415
57246
78431
28317
79298
9637
96132
43818
35486
56072
30601
37478
3013
48478
14890
53945
65027
84614
708
23656
42167
92509
76977
615
64189
54541
41038
7750
67940
40942
56622
24004
52307
88513
95150
71633
51627
56796
48784
6431
21406
22553
28359
28297
69157
32831
36595
54026
94900
34177
54613
79843
66757
90587
25212
7301
65452
82242
80388
71268
75997
11349
70320
6508
83041
65700
36172
4887
56049
70523
13696
38844
31378
52666
15977
45349
47016
69524
57011
15038
55078
94766
24612
71474
93351
1003
7912
12156
91719
99427
54711
62328
12014
20928
71958
51733
14892
72761
67489
42246
13582
81377
25132
55982
12659
18959
30406
99445
11786
19806
73692
47794
99840
86490
96661
86551
77566
86811
84944
34727
34657
34615
99335
38254
59093
43616
87727
95104
35399
62239
1563
18409
41698
48853
9568
76589
11919
9033
93024
7394
38672
92800
3015
4253
77608
58244
37487
48576
82734
47369
54745
82889
56694
41203
43055
2205
82678
25584
30862
33797
56784
64179
60461
62331
77500
38767
45488
23596
19113
25165
32127
87972
96365
10562
7732
28622
91957
60284
2916
22698
3762
33819
77734
28837
46342
78799
30480
94820
32874
85182
8174
46173
61665
43529
56357
72002
96026
35052
19446
64300
3748
70924
17258
16554
22992
10578
98580
47177
88369
98775
57310
18923
5463
85265
57919
80596
71916
99889
36964
23885
2733
15998
55466
90587
89490
89769
30741
53886
91178
3462
92392
79748
40231
28045
29603
24595
25394
3226
39433
7851
21298
64659
20828
79245
78825
53639
50450
45391
34390
61309
53723
25258
72209
94081
55801
35056
51092
67885
80046
81125
52050
53939
18021
28065
9005
71515
35549
27667
81467
65279
33458
88843
58125
71031
15878
72957
12808
11709
16565
89012
38092
69925
2093
46911
45312
73912
24064
70253
46641
59266
61229
19151
60354
94556
14522
93986
31684
97542
7180
17866
6635
67749
58466
88139
79298
49666
78874
22007
42946
33613
39063
14653
74305
20569
14318
49553
93366
3568
53577
65570
52359
7309
26163
1746
96623
8732
23551
20413
6260
42559
35604
55988
36472
44960
36430
35997
35916
22774
66680
23966
40315
67045
64244
53123
69525
55883
88418
2483
31095
10296
47306
48769
96729
70390
74047
670
30204
73778
20019
27845
79989
40667
30166
76489
78006
4532
22034
86212
8562
23082
72547
62225
16598
74586
15126
36555
69652
52663
1384
18062
50367
50229
45905
40731
11061
67981
1218
26048
23193
81977
43047
63070
38475
38518
85917
91594
2812
31181
9834
69836
93192
67720
48254
4136
49937
30903
42741
35200
49869
41289
27692
59663
33794
75815
14767
61514
45181
3792
36073
64813
29912
71913
4321
10303
96456
71975
81047
9042
10391
44656
50788
99975
16684
4274
58379
37232
77642
23452
99916
3756
58166
99906
63412
56855
56840
40935
7062
57636
19586
18830
70068
76218
19015
63717
44020
61214
69314
23401
2550
66376
81282
13276
6458
6901
98080
5045
43406
96184
48464
60240
8718
77838
80529
36060
58573
61801
17077
91778
51406
16414
51397
41304
70468
69133
19401
99620
94469
97780
66192
40714
72952
71394
25030
52896
7714
31722
70002
77411
85304
36835
37122
36997
63199
11744
87169
83463
68746
78698
35119
24556
32526
7298
92259
5235
72804
80602
69743
77960
76694
45447
13357
39018
18133
27464
68912
72776
94580
83268
5806
3545
48205
79457
62616
22190
79710
60384
73054
96014
80066
82787
59456
24709
35220
39900
70596
84541
10010
49834
31524
23345
43700
35253
79209
51552
79024
93273
1638
52755
61553
4002
95154
82186
19531
84043
20272
77322
93299
49307
80863
20423
11943
7381
49239
19938
59055
83544
97642
1351
32513
49715
95120
75821
42381
4817
14628
81839
6460
52664
83409
28756
22575
69353
32584
94863
70970
82829
27707
89181
23839
22285
3441
23836
45576
46660
73688
27466
4509
99594
27271
21896
47634
26919
66988
22991
10253
81787
9725
72215
33436
52452
3863
54108
4248
50478
45713
67766
39732
4865
26915
4611
57827
2176
46174
34598
91067
183
39596
88102
25689
33268
67096
25119
65301
92067
86031
17928
81407
65501
23308
4728
81233
67313
75089
45327
3128
97126
91218
29660
72369
26757
58284
3007
48415
785
36323
73458
2076
20299
73075
93301
5537
93197
15929
81404
40708
61480
18303
20695
50225
37612
15041
57310
69602
61156
53449
37412
35243
26744
77184
16081
71415
97121
32454
43735
30861
49203
55534
33099
51288
9174
13715
13688
36824
87911
5070
83575
42792
28680
36448
85173
81833
31758
92350
46765
83983
41818
59752
93644
36758
68287
87806
23133
38839
22514
89964
13821
17843
96667
92714
30138
91040
97896
34563
88539
19241
97790
90259
83061
17539
14370
73640
2415
51239
43743
63344
48350
3815
49355
38211
40027
19137
90856
74477
22325
3193
70191
96951
65156
36347
85250
11930
53580
48137
33290
29593
7287
32622
9365
75277
85944
36680
93772
54662
42051
59673
40169
95247
83790
96786
90875
73558
16287
85218
1972
21988
53245
66955
35635
58933
13905
36087
32706
48855
30656
83453
93826
64765
75485
62941
80140
93510
1154
81446
26567
12023
65469
30560
82415
2623
83008
82192
53988
99478
89367
15627
68807
9037
88015
84840
32563
37864
71233
74892
51361
43371
57655
87361
97428
84447
28261
41000
68666
97438
55790
95017
23513
26309
7195
83380
98798
7671
34841
53775
74573
98065
28136
53124
93241
64516
25355
19971
66593
55387
59097
68512
25791
16911
76393
44448
46724
55108
21694
9157
66547
53833
18445
46257
25298
66702
25237
56371
14515
5314
76440
44200
44139
28880
18593
90869
9209
17336
88379
70991
99206
48439
55920
69566
32939
85248
88507
13333
99524
18667
37356
8851
41092
69166
51759
70476
61084
42960
98496
33454
28709
76401
80711
90767
18729
41941
39870
99031
96483
23463
34813
59835
74111
30592
21086
20728
42903
77100
53533
92591
84142
44324
42964
85610
45374
56589
79116
65058
14282
50634
13976
74104
53000
22039
53138
79471
42862
12493
43091
27106
67051
55725
22914
86407
15346
56862
41312
73544
72709
86029
18536
49040
95665
9596
53230
15608
76337
51756
3895
36165
78490
64805
63259
80745
71160
42268
87833
68692
54237
40580
1823
46336
6164
25611
60700
26166
65770
69017
6825
99690
62221
12119
20788
63132
11537
81652
24563
38481
57864
77555
52559
96701
24423
53704
27684
40671
53886
27305
85134
30391
3420
65427
6601
78886
39429
70643
80853
5762
96862
13517
68927
60389
54847
68551
87468
73482
16988
91193
53702
38110
909
65822
12662
23544
58736
12544
68793
55983
97204
57038
52726
53766
29378
95944
30236
93570
7850
40999
7352
97305
18865
12953
10923
53099
85568
63473
21337
5312
56745
41916
82417
65239
3995
46959
54952
45090
34558
28303
36857
46402
41167
66173
38818
15130
78762
20339
99607
93295
28685
60600
76333
64934
27717
61963
47047
6531
97807
58486
85390
3369
37627
28870
63315
12156
75537
92480
69180
442
64447
43425
81001
66469
75086
75064
75139
27973
36072
42105
58560
50279
37604
28279
45030
41125
93736
22889
63012
34058
41574
95949
19713
56374
66651
90286
40707
62966
27560
52894
52400
25335
71189
78056
14022
47507
42488
53866
35733
88871
47592
10202
67300
19564
30328
88011
67493
35579
42054
51444
69488
19371
7063
81253
66608
87067
17712
93211
37183
54532
25229
214
93238
53597
57824
22843
24772
11783
42784
5718
35351
93246
48772
27672
33063
27193
77128
95443
38165
84028
28266
80010
26084
75161
79445
63055
78436
27173
38460
23196
48203
40577
20748
3504
37379
55472
80519
21773
18658
9791
12913
90415
12903
7802
39834
64299
28413
47298
29371
24183
99104
62070
68251
1752
7328
64388
97230
65500
86899
65028
58979
86684
23550
27046
10190
40174
52859
9482
97400
63547
8248
3718
81216
14844
91818
35430
64183
70082
42268
31492
90350
94943
76301
32836
29851
20888
49840
7301
42671
57874
13240
66090
93511
81337
68301
29829
14176
42840
4105
28077
7395
1998
75573
54057
793
55616
97138
82144
3235
51078
93453
48978
79896
85340
78979
63751
15159
48271
78020
72539
33029
4887
25863
51719
14327
61567
9812
81591
70815
24581
70237
65365
69219
88291
92446
17391
12914
4655
6844
70124
55918
40305
70984
86408
76247
94620
77692
94351
29362
87632
16038
92203
38484
21362
64622
98236
51346
14280
23991
82070
24742
4137
19041
40117
42631
60106
97928
90811
78455
87642
75099
47208
13993
69763
43874
83263
69968
83268
99320
24972
12053
30617
55959
84366
36932
79208
62367
76120
84341
93293
5650
19414
60516
23775
85693
54294
72503
71713
74718
38896
49871
4804
80167
63944
56102
81210
67533
7344
65209
40648
43251
10825
87105
1996
83935
38593
1533
15175
89052
31019
91253
86668
12478
60547
65599
27190
7031
92893
33560
76586
59947
12610
87864
45877
4986
87296
191
63223
22971
59982
52993
55983
61022
79102
12529
58333
64765
13511
25262
63872
55995
28353
26734
14138
7103
18760
73021
35967
56199
74680
79400
58272
95468
97734
87725
96337
99561
34976
38557
47486
49471
75752
27065
57692
54816
31656
40114
6987
59873
67116
99462
55823
27632
78102
37676
69496
66115
87007
95307
53903
36319
3034
45147
33706
59660
18147
63345
69045
62445
77414
21744
20950
40448
82283
24068
27457
81683
39719
49957
45700
83226
74973
61155
98447
71518
42049
79734
51887
43976
74799
59436
47526
70622
39421
26017
37765
91916
21182
8719
95426
9494
1377
67056
76538
31493
58686
10120
91495
82943
1831
13092
58461
14111
42597
60816
22778
23919
19228
17204
74453
94929
52529
95120
45231
70226
85298
59102
72568
79790
49128
48134
76786
59811
32321
31447
59605
39334
58613
63240
95914
27007
68479
14943
81127
67523
63223
66402
98438
35346
73952
43484
43965
42377
738
81328
339
44550
63031
7077
46847
5890
54898
84132
7651
90292
10326
22732
62163
2669
28818
13425
66941
7704
81970
73952
65061
36001
57713
52185
87058
43015
20941
41831
1528
60385
6849
59495
15828
45064
67949
85271
48530
38663
63529
81407
80680
46699
69015
23770
35854
43844
81769
97946
45551
48441
74281
34875
77796
12221
26948
55522
59547
80585
70867
36494
32595
35194
55254
98889
30707
33999
51883
1126
87576
32759
17614
81039
96408
28755
3666
78756
79523
90385
17584
43728
77724
78223
98285
9847
34536
23776
22132
10566
90384
95672
6052
33509
87335
681
63923
29330
93286
9514
89873
67920
93664
4264
77977
11437
8640
13095
76442
42425
76639
28915
11460
41773
65944
38176
1508
80977
56822
83626
98030
67630
6320
5118
20839
76577
19085
67316
95014
96062
24515
16499
16631
93944
52292
60418
49462
42458
65014
96008
46437
45490
56651
68900
33736
36438
19298
37239
72551
23912
87874
43787
73120
67994
18617
52339
87765
5485
27817
30879
786
85962
13084
24828
58613
49180
36116
92809
47389
54031
32528
26049
75959
68989
15926
67788
77690
9671
95505
438
85195
8201
80112
49975
57857
42528
46124
51740
93138
51428
56628
57791
83382
37279
4042
72727
65707
15544
13258
79072
59508
53834
6913
64242
75588
77519
65353
65747
1100
79826
59889
2043
70113
99963
97753
1059
98797
83681
15307
4597
41708
69202
94492
9412
97379
24594
3773
36316
93527
62107
40213
25428
3802
49598
54
50106
57794
32640
13476
61082
62523
31653
79728
79327
68894
48057
25929
4549
51651
47074
71772
25551
9257
18939
45309
94595
50625
47349
43244
76035
24605
34001
66911
67124
71299
23711
93087
3889
99264
89704
67642
98805
14352
64657
45887
15743
11980
46787
73145
28212
26509
24033
88466
3062
47831
27906
42290
70624
62123
80643
74387
67556
83909
12219
2129
31188
47878
92901
40851
18116
80537
80301
7780
5781
36784
58912
59221
99707
17755
98
63255
91629
52424
76060
96189
25434
9904
84369
67214
42588
88822
97245
48468
3760
277
7355
25482
28322
99954
43700
90168
9872
54866
24191
20530
22258
70927
66160
54121
7346
27549
79976
2622
6436
88517
28653
14993
35290
27631
98630
72639
25370
92969
60396
86826
22354
74527
42690
4966
27397
32547
16427
83766
16517
83090
52881
39640
7684
94874
61877
25792
61361
71206
4643
80880
73859
50110
5009
15058
49083
21452
37858
10161
98539
4378
15647
26452
52566
43197
17196
61155
31396
71082
72249
55275
64474
83322
23142
43400
66682
22380
78238
19314
35652
37280
99960
26735
41537
27241
3106
60258
32748
17482
55104
50875
56447
45017
87778
72978
59613
93628
48449
20436
16949
20573
79136
86219
75730
22689
36114
24249
70087
39144
82782
70534
30837
7853
36720
47126
91695
7936
61261
27136
21378
78741
29338
96421
65363
21400
21225
95907
25898
39550
63001
51181
97836
10840
69341
24266
80705
82638
98613
37592
52906
58605
14377
97050
41118
20812
10674
44472
67668
6636
52498
87240
78230
61248
33
81233
86776
88346
16886
32588
77970
46075
82591
80863
15580
27973
8793
55690
88942
90547
40903
23776
98875
58507
83767
2189
94659
66016
89340
74108
26760
82933
42190
47384
76368
1688
50058
55371
41409
55611
42724
95620
56499
93054
98686
67911
34359
36952
39207
63071
69159
73519
94999
50958
41661
94449
21227
62060
63441
97273
33794
11460
18208
15054
70587
61951
21192
10756
42626
71343
16012
38758
43861
96535
58028
56553
48612
31234
82507
56847
12209
39769
36710
15192
73750
58509
95974
68071
79856
2508
82794
28289
38011
98846
43759
71923
22460
98350
62933
46969
70868
2067
73954
8020
38432
81248
46063
84211
18252
13245
3899
97758
27904
39336
77563
86203
70622
61866
21573
10756
50652
86618
90161
98083
98203
43070
89904
46461
5843
44314
36013
83099
85001
75408
79409
44182
34360
30833
7890
60438
45846
13772
8394
53071
71662
12980
31653
97616
97797
26093
43744
78967
26691
36086
1416
73402
960
18607
94178
29460
36513
19007
95374
78768
80242
14588
65434
20130
27242
80694
10559
61374
8035
11284
93977
13758
23993
99210
68794
85265
42994
10267
95894
69418
82743
65413
68799
59042
82684
17268
73781
15735
21568
13372
60123
29072
34545
71395
75457
35619
47930
68034
98002
96423
76787
98803
76698
73240
2698
94647
24651
15894
34526
2511
74331
93710
56886
23799
94401
60138
67093
769
98696
97755
31329
96690
67254
51463
60152
95473
27369
24037
16026
61979
809
48839
1322
45602
23207
46411
22977
56196
46926
5535
2606
11096
9655
33235
26434
83697
97016
2828
14501
3098
65083
83445
4253
62828
36398
77100
44823
14355
98929
42113
27139
31085
92581
32410
72128
82978
19533
79774
42314
8798
20593
32075
8954
39240
66501
27204
40049
43259
41089
15988
38615
28334
16653
4953
34712
19320
3948
36667
38938
43262
48642
14056
26494
35595
67761
1971
61533
60124
98579
13198
27628
1243
55162
65319
52404
75321
48041
76527
15490
76180
16775
75589
30509
43971
80631
58343
15968
69960
14756
32794
78250
25217
85261
39570
6818
21158
90136
12798
64429
28487
72943
79957
37657
44972
22463
89935
68907
91100
80748
4783
29092
49087
37313
4240
85724
1747
44979
42725
82761
52776
80303
3030
32654
15999
3783
9810
90973
40636
36872
24653
93698
41343
49694
74452
89903
81437
35990
28392
48959
12630
93001
19781
60001
91409
86399
36357
42823
71123
32060
33147
77582
14260
67870
23285
1121
68346
19498
49908
44632
59271
21597
43254
12230
63046
40533
46375
68769
30007
25850
77197
24471
99332
93743
80280
99172
80345
3599
60269
23794
31789
55578
65613
83527
28883
41627
15543
73236
30197
89704
76152
16688
29890
10217
6078
6225
84438
68514
75653
58828
14282
41298
56368
11646
5990
35619
81557
91945
48684
83865
46689
68789
95839
27556
98740
48934
20838
31211
37109
92569
79263
83678
61669
57924
83110
66103
96642
63211
11209
3957
75356
30611
57600
5922
40712
38712
9696
33449
98340
56212
72523
91048
42934
50758
22122
76898
59192
63820
81256
76718
96051
7242
66193
66999
55865
9762
11526
89170
82474
72350
38739
12761
3382
83608
31755
91202
53310
56251
29150
35769
3337
56266
40285
25304
23580
74089
11573
54481
52693
81236
95779
75492
16517
5983
67715
68002
17080
28417
14839
50496
82705
34886
2680
38215
83120
49633
85818
88614
43234
46189
84422
63224
98161
50757
94039
91787
69107
5388
51984
14325
62508
1920
76896
3706
22832
71201
25521
956
99250
69766
57826
28446
46003
54064
18328
40281
80982
72104
20033
34886
47764
57703
5643
44540
72238
87970
7026
71522
95056
75832
46760
16402
36798
77904
60563
74716
11217
85725
71583
85247
78328
20714
43770
55249
94290
24591
63844
26857
85549
47263
66827
50147
64405
80952
82032
88291
88276
92477
63592
15843
73690
113
31393
63299
64324
40146
19827
18637
18722
50454
54344
7609
95565
28878
43273
40746
26318
61299
26701
85139
4308
40674
12733
40112
90804
10451
49468
25452
84416
39389
42940
340
48907
15526
67987
65604
59529
88314
40427
45452
84995
57510
17914
26852
92059
27052
17240
59502
20421
15182
16301
82394
21329
59623
62735
30007
22890
34442
72456
62387
63341
98920
56696
3875
75020
50719
94654
60941
38848
4827
4960
1975
75786
23835
92279
23730
10166
37812
20504
67751
32258
63998
16835
52555
26167
12378
31150
93437
2961
70730
10718
47009
51606
56654
24864
14522
55082
88380
11251
87054
96945
26560
39454
69261
19256
41855
48115
28974
89794
27348
72851
23983
3361
72885
83050
58300
15127
53248
20368
80959
2977
9990
62831
33697
36150
39901
25771
3694
82726
95038
33455
66362
72167
42123
36566
70807
16346
78315
50112
7328
43496
33801
15674
10069
72725
52448
60688
45258
69357
62032
14304
1498
43126
91910
70252
97552
54991
12168
48623
62228
32967
25903
63950
18254
30596
43485
97711
66384
64410
34413
96360
28749
63071
34565
18724
55422
14295
42518
97107
68426
91756
9349
75242
93661
43513
801
5901
96304
26574
59313
35566
50583
63008
96416
40203
48911
92253
23765
17900
82409
78535
2765
23867
12434
69214
39302
5984
56222
74735
57414
1387
20683
15252
54875
90243
66559
58079
89448
38599
98219
17038
69681
18278
94575
50
87301
56269
19941
25002
34616
34880
61812
85584
60532
36349
75517
61528
34483
88127
79734
95989
70025
99562
1099
78106
58959
60181
46654
5898
24635
18509
87232
30496
96802
26915
20083
48017
77555
7901
49497
3975
87238
56303
24379
18702
98634
82282
16099
90673
34573
95801
7255
99356
56129
1439
56707
39660
11421
57445
50299
98051
36073
34127
49296
80119
55455
88906
32520
17336
88814
79640
92269
23814
73798
64911
30602
77375
69798
70852
60948
47208
98738
61781
78245
45153
17082
49601
31674
35518
69739
29063
18018
64106
89498
16626
90743
51407
96760
70301
2519
15803
57029
95871
14471
99862
73946
49191
4066
14414
45616
13487
55001
91843
92002
31937
34433
86483
78797
41207
64817
27953
78994
62989
85112
96956
50943
67427
37513
65516
95740
72382
63046
99825
78162
9491
57243
64569
44734
9646
3685
47350
16725
14331
90741
1472
596
96753
22201
24832
87058
22025
32042
60880
7404
94165
77885
73709
28607
99272
43030
44211
68423
40153
71909
64301
88588
97421
89335
57808
99137
62617
3421
64803
2698
10164
90189
28926
72767
32363
35730
71139
13165
25831
91707
11765
45850
30031
18946
44871
18960
30081
15087
30125
15147
74933
86494
15834
22336
66873
13851
48131
37759
63611
82824
74369
26980
30244
88405
94959
76154
24601
30794
18314
12539
1734
74316
82529
29026
96042
62328
77850
7313
18058
90444
32953
40456
62436
51029
15274
68367
88503
43852
10130
75840
43564
97013
63617
30555
13917
2589
91949
30460
6572
89710
51535
83379
16330
48756
1919
15184
77863
64129
51809
47213
36578
44406
20427
36798
28527
62545
66155
23008
20427
79572
15162
62536
5765
3619
25396
16639
37090
70053
82308
31378
41044
12412
63332
32101
85722
78054
25696
58651
5514
8871
55149
98895
42334
57397
13707
76172
20574
51007
66147
36442
36975
63919
81738
9595
22456
32440
10481
72713
2161
5228
34374
85595
95331
24613
75071
83754
3497
27212
74205
46511
12034
31349
38232
28894
68859
58067
63310
51466
71507
40332
8374
33501
28530
40196
71516
84237
97566
87920
93958
94220
88097
19857
70192
71423
29422
64079
41664
96309
93654
81976
76202
7006
2808
22084
71913
38164
95619
22493
30491
22242
11836
55478
42740
30938
56972
57469
80394
73227
94058
51845
92523
77237
3222
19750
44117
75041
56107
92812
97098
58336
13151
19961
85295
65709
6676
32379
10177
3042
76567
24671
51811
16226
67068
69801
88058
72813
8510
5253
19684
33087
55006
48461
37255
21441
70963
19713
63872
59470
33528
67566
44406
57373
83795
17929
54716
83817
2311
53464
24718
5514
44614
1387
43336
18557
22784
75138
65780
49839
34753
66617
84969
13310
50044
95218
86839
70669
65229
42592
89287
63601
41738
25164
60854
44984
51217
39236
2382
99420
6541
3246
27429
23410
36632
60660
1556
71968
82045
9394
67687
44396
56324
70611
26526
37128
48054
12319
80342
28069
51670
16326
39145
3966
18189
47191
58034
88169
16412
25620
7532
63221
14536
19723
31880
6670
34247
55045
69969
83544
73662
56442
48275
53751
35028
12474
30303
45201
66692
59665
16913
72825
50695
22636
92214
73842
28572
61772
76311
58359
42765
30453
7073
73559
86446
63028
78769
55883
85523
82668
13018
41804
56785
14065
40957
60529
16662
19821
66320
21467
68299
70342
85476
10550
58877
6365
72733
47284
23746
85183
69157
9503
49045
42239
99208
72689
63662
22620
60960
38214
20161
73310
43834
75953
52885
71382
52025
61254
43012
56993
63279
63759
99254
76555
24194
95436
51243
9868
50515
34802
12607
41339
24756
95455
65319
83684
19902
30557
61651
87071
75970
53831
1830
4391
15341
46022
83323
28298
50925
74718
50619
67270
25657
79293
49046
85577
57273
93278
70116
66608
58416
78385
66739
52141
79687
45650
56396
72789
61250
70583
9726
62748
85457
99802
42692
66244
14653
9791
16198
66586
76318
50947
6858
49229
55791
35402
63278
9760
4367
68168
20295
22988
68327
32324
49401
61218
78041
4901
89390
39499
5669
17825
74700
54568
42706
8729
12258
31327
64418
8983
33974
48297
27688
99000
47532
22674
99574
21752
8192
50660
72098
38245
39868
90515
81846
15215
40492
75099
42082
37912
27025
84540
13280
51893
94852
4511
75013
81975
89774
20287
7083
55369
62324
40832
84881
16580
45276
36699
23493
45930
11800
14433
30077
73318
48268
11589
27746
24400
48678
87076
23114
60056
86030
89978
89855
61845
81263
14575
63983
290
18683
17408
98615
93445
61175
80903
95410
43611
21088
72324
49902
3122
38439
46010
7961
93437
47849
73453
48179
36081
7667
94773
41179
70443
52674
31613
7572
86655
65157
82989
92885
983
72266
64789
71197
41840
72509
44431
1874
34752
29411
7056
42900
77988
839
88338
60804
39688
48791
52096
42083
79187
69928
51560
72154
93179
89629
59030
11936
76935
68754
39280
18225
82558
7683
36586
82398
25497
59772
84616
13483
65671
22430
85498
70160
43082
51090
71659
10613
12849
21324
57885
96036
90116
51999
59836
28150
49680
23616
81170
37242
35513
17595
23232
40683
71430
96210
51784
95167
86167
46411
34664
76414
66666
4175
90582
95684
25671
66452
82846
93100
19251
76478
89337
44522
67609
66373
75621
52080
58885
40770
91344
47485
7822
37004
7733
28915
99416
3958
3850
7987
71317
41216
68571
760
32378
21956
20450
80203
86443
83752
66782
45272
68478
43910
97644
97532
46009
36999
62250
73422
3671
68709
46957
4778
66595
628
50895
40383
52368
29518
24285
81924
19117
85990
56259
48312
30087
79613
84370
92198
78253
93399
51828
24661
33891
9306
65753
83106
44197
86714
11255
61322
70869
92291
15283
36938
20458
34870
3318
53676
87940
9311
51941
23044
66225
20269
70434
40712
26088
89263
92097
45910
84720
99137
83405
22501
6129
67680
77126
23120
32680
29402
13358
1160
19955
39381
9475
55500
26897
95504
66399
59777
24986
16583
63264
30850
68325
94269
97966
80326
79492
21784
53353
65702
81556
92086
7663
89788
38260
42390
10075
72986
41639
3325
56531
96090
51400
80628
44648
86003
13488
31604
1857
59164
57497
33422
59068
31251
72688
18877
38955
88386
88751
68311
79230
3954
94747
51265
92766
18437
9681
58439
7536
24940
62097
55366
75579
39589
41830
52727
98812
47499
75601
87987
57259
38779
28107
93102
87027
6787
40506
71629
63605
35480
90629
8677
48142
63701
77212
45196
16783
66293
33761
86199
76870
46995
98168
20396
80067
9888
10906
81769
80563
44148
57339
89694
95748
39145
46020
6205
56254
61371
28260
76705
12351
7886
60828
67803
22968
4044
35965
4681
56859
92307
41891
35989
96831
80832
56673
62587
12319
92973
31009
52845
88144
76286
55922
23389
46211
75816
43626
76731
89224
92772
8593
54104
77732
38252
6279
35115
659
52041
94730
1205
72239
18207
47592
17752
95768
15595
50138
21023
18415
78422
62823
86603
14451
27207
79893
64379
46108
33060
70422
60468
99964
41655
94891
5039
32549
64283
14151
43207
83236
81885
33786
45092
30266
75189
97794
9939
16272
41356
95697
89249
71527
15465
94118
28635
39092
51494
59216
26427
49962
10173
53895
93671
32606
6127
73590
48792
82079
6673
50051
34020
42513
46701
36679
50693
6884
95390
17913
82093
36123
72296
63769
98087
20120
55264
92065
9584
98655
18793
34792
6190
26837
89138
7677
12987
61327
31662
49467
22512
83134
54994
58126
67911
79735
19888
28310
84397
34357
9317
37573
28814
36185
74406
13485
58958
78098
46785
23184
89418
88041
20637
90307
45183
44945
30813
140
88493
49682
36482
81945
34697
99435
37566
88963
16124
1619
42
10289
31598
86630
21553
33653
37580
90807
40643
83240
57641
67160
39985
60294
46031
4915
83128
89170
41212
65144
47419
33827
83414
6864
96839
56797
62880
53098
78071
14631
34896
89915
77856
69122
57781
1839
27478
23731
68919
62980
48374
23780
99244
93088
96812
29126
81865
62385
66582
37724
27513
97596
94069
56425
1169
83000
40647
52256
48338
20612
56716
7788
35135
68127
27904
87243
23412
33316
12906
57451
57661
97147
46418
82665
95697
62568
69870
5886
12247
69014
95383
71405
79561
99745
10106
48852
89031
72508
25907
14661
96285
22544
67918
53787
99914
65911
3699
83436
84181
63079
51957
8971
38583
91098
25312
63558
1173
59913
42127
75974
21583
35949
54036
26503
67298
88287
22459
89068
24616
23778
70523
75291
52527
70927
42079
36042
39923
14276
22258
39455
72602
12624
44381
60925
23625
45605
34389
33207
34186
80507
5094
6177
90734
40821
94395
13841
33481
50606
50033
49329
6243
3248
25815
18291
54911
48856
74364
16917
91298
94305
59645
25861
66097
70219
34512
97717
3492
4547
14540
66954
80893
95018
38473
55208
76824
46539
87454
36228
93555
45090
20645
64978
37320
44982
16239
16154
98914
26591
43371
22326
62811
97736
63783
18753
93979
62288
64607
32582
32703
59711
52612
68738
11570
39007
35069
87186
30540
54743
62363
58756
63603
85924
98785
31454
76155
80567
87
68793
82686
45733
76499
94126
27792
44265
77851
73927
39763
21861
36032
44509
95391
67021
19060
16516
54400
29331
79095
3812
66562
49483
8450
8672
45955
72900
90809
68581
2412
27826
77227
91771
19684
69915
34708
47543
83932
87615
89006
98698
87456
25820
67871
12854
4031
2597
4550
35034
72288
84911
27742
77571
64838
55600
26725
4575
78273
92524
57950
76123
41596
61759
77753
20937
49284
79980
80160
43886
87736
81265
64252
14264
45590
48013
61009
38458
70596
22282
32925
83
89548
14544
39493
46124
98934
25487
5039
81774
34228
41390
10008
58410
14391
84948
97227
1885
20634
94246
52330
71436
96284
39604
18566
54873
31153
19083
62442
3831
27886
79443
15087
60968
64300
71028
77319
58702
87724
46537
89904
10696
20057
31744
86538
63904
52174
50038
36778
12394
43555
38708
52025
16066
4545
56526
40447
73975
16729
194
30190
88200
35363
22004
26037
55634
54629
94754
90817
2924
53576
19292
131
57273
58087
99904
66717
9609
37404
2498
85378
9578
19782
71185
772
54347
39235
97030
11369
21038
59448
88812
36249
86655
65794
91496
54406
5323
58586
41644
28092
96604
74608
16370
86394
92455
45297
92342
9634
92951
31950
61378
22220
22614
56023
3777
59024
46218
27545
44964
7357
71676
99962
30813
95104
39515
51321
43295
92798
19254
57985
1556
99275
88600
90362
37833
75827
69383
30491
55110
83649
85513
40659
42075
25364
32873
91525
112
6858
26170
20330
75373
68949
67917
83193
40266
32271
12200
85576
67410
15230
1799
93881
62807
1380
40119
97107
39798
56554
10336
77660
32706
45810
94982
26606
87337
98017
83518
90716
32833
67091
535
15120
15710
65357
8211
74988
97579
3581
66879
71570
3567
39987
13547
43284
88718
66261
72238
75610
42412
74198
10922
92259
53734
31994
70599
8221
86896
71744
8229
40473
24771
9070
56941
50962
38692
11509
44266
19667
14351
56001
34218
97395
48230
80798
19158
89727
48196
70660
69218
82814
18848
24988
21252
80469
3943
62690
9507
75665
51182
27682
67179
39078
52782
14290
3122
68611
93872
26072
92914
11740
52280
58397
77529
25463
32507
70407
9161
96989
50421
45155
30691
8685
39654
89436
84566
91679
26622
49123
64388
23841
83196
12520
40631
39573
33113
55004
84363
5241
17333
66006
57542
2261
99665
20987
58949
35145
28408
51213
30185
17438
53567
54901
71176
22266
79986
2159
62917
35645
68702
88432
32589
61850
19210
38616
36668
53522
49624
50732
98054
24185
66609
90559
17361
34106
69719
52668
60167
63615
77653
96751
33475
16942
71720
24592
23051
6823
79614
74690
32847
34331
28912
79936
11582
15956
93107
79518
20717
23568
66385
6961
5181
15913
42538
65287
62628
17738
47508
71518
51561
29426
8610
42143
23649
370
64721
44677
40463
20918
55611
65089
87648
92448
74176
57874
51489
86137
91203
56602
87471
68021
7686
46971
5707
83816
36100
14068
72740
27464
97522
75320
93799
50276
64057
73732
44355
40857
50772
30213
78128
48733
73305
39971
49319
66940
49292
60565
78132
47404
90263
73382
53976
7191
97821
23818
14716
4784
5226
57186
21792
97463
45668
27149
68755
87287
58574
66934
56601
96556
90198
78364
47929
23486
62858
5692
22739
26050
86594
15695
94998
74913
5120
25353
60255
50072
38497
46130
34884
10070
29107
25608
45833
81164
30928
14987
68790
37314
52001
4712
46304
52910
87772
85232
86064
88186
81340
65022
53909
83699
6968
30819
85697
13206
36026
1433
31530
64534
1969
94176
96058
58643
84009
59540
13937
22780
35546
1875
22503
62054
63416
97374
97772
49680
22779
64669
93885
68699
46646
63567
22600
33878
86123
87662
76905
16689
76910
48386
42249
93927
12481
70878
96434
37393
98951
15703
44379
34729
35841
6192
37787
25728
23664
85418
77579
60761
62191
33122
50065
63560
41585
78802
92627
34055
96875
72146
93047
90602
32414
47978
40004
20342
95959
82559
6641
99941
94774
28053
7162
98005
31974
73255
9443
30226
50850
51462
49366
30542
17917